
10.242640614509583
26.485281229019165
4.0
14.242640614509583
36.8700567483902
40.041630268096924
9.656854152679443
3.414213538169861
15.071067690849304
12.242640614509583
5.414213538169861
7.414213538169861
3.414213538169861
8.242640614509583
12.242640614509583
4.828427076339722
4.0
32.62741661071777
0.0
6.0
0.0
0.0
2.0
0.0
15.899494647979736
0.0
8.828427076339722
0.0
0.0
5.414213538169861
3.414213538169861
12.242640614509583
77.8406195640564
10.485281229019165
5.414213538169861
44.62741661071777
32.38477575778961
5.656854152679443
10.242640614509583
41.21320283412933
8.242640614509583
57.11269783973694
3.414213538169861
21.071067690849304
8.242640614509583
2.0
2.0
4.828427076339722
53.455843687057495
61.11269772052765
0.0
2.0
7.656854152679443
0.0
44.62741661071777
9.071067690849304
10.242640614509583
2.0
10.242640614509583
6.828427076339722
30.38477599620819
53.69848418235779
11.656854152679443
40.38477599620819
56.28427064418793
10.242640614509583
56.28427076339722
2.0
0.0
92.0832599401474
0.0
2.8284270763397217
47.455843448638916
63.35533833503723
2.0
11.071067690849304
0.0
39.79898953437805
0.0
6.2426406145095825
59.94112479686737
17.55634891986847
3.414213538169861
26.727921843528748
22.485281229019165
83.39696896076202
13.899494647979736
82.66904652118683
64.18376517295837
5.414213538169861
37.21320295333862
2.8284270763397217
9.656854152679443
37.21320307254791
0.0
99.49747371673584
8.242640614509583
50.28427076339722
13.071067571640015
11.071067690849304
0.0
2.0
47.94112467765808
2.0
3.414213538169861
0.0
2.0
5.414213538169861
53.94112479686737
73.8406194448471
2.0
77.49747359752655
7.656854152679443
62.62741661071777
5.656854152679443
6.828427076339722
15.41421353816986
3.414213538169861
13.313708186149597
4.828427076339722
44.041630148887634
25.798989295959473
6.828427076339722
4.828427076339722
31.79898953437805
5.656854152679443
3.414213538169861
10.242640614509583
31.55634880065918
36.14213526248932
80.42640614509583
5.656854152679443
18.485281229019165
3.414213538169861
6.0
21.899494767189026
0.0
80.66904675960541
0.0
4.0
2.0
17.656854152679443
21.313708305358887
34.041630029678345
4461.081832885742
19.313708066940308
7.656854152679443
13.071067690849304
21.55634880065918
9.656854152679443
7.656854152679443
5.656854152679443
17.313708305358887
283.3624778985977
9.656854152679443
5.656854152679443
87.49747371673584
9.071067690849304
40.627416491508484
5.656854152679443
17.313708186149597
7.656854152679443
9.071067690849304
15.313708186149597
11.071067690849304
12.485281229019165
22.727921843528748
16.727921843528748
9.071067690849304
9.071067690849304
12.485281229019165
168.16652023792267
3.414213538169861
3.414213538169861
18.485281229019165
3.414213538169861
11.071067690849304
15.313708305358887
733.4772629737854
7.656854152679443
4.828427076339722
6.828427076339722
0.0
50.870057225227356
14.242640614509583
17.071067690849304
16.485281109809875
0.0
15.071067690849304
44.62741661071777
4.0
22.485281229019165
2.0
2.0
0.0
4.828427076339722
61.35533833503723
5.656854152679443
9.656854152679443
3.414213538169861
13.899494767189026
11.656854152679443
5.656854152679443
36.38477599620819
13.313708305358887
5.656854152679443
875.5016473531723
4.0
4.0
11.071067690849304
86.66904652118683
12.485281229019165
5.656854152679443
4.828427076339722
11.656854152679443
15.071067690849304
2.0
0.0
2.0
27.55634891986847
13.071067690849304
11.656854152679443
2.0
9.656854152679443
14.485281229019165
13.656854152679443
6.2426406145095825
2.0
8.828427076339722
2.0
114.12488949298859
8.242640614509583
3.414213538169861
0.0
19.313708186149597
55.11269772052765
65.35533845424652
24.14213538169861
89.154327750206
49.21320295333862
13.071067690849304
5.656854152679443
9.656854152679443
578.3401794433594
2.0
3.414213538169861
102.46803593635559
4.828427076339722
11.656854152679443
68.18376505374908
0.0
8.242640614509583
45.45584332942963
13.656854152679443
13.656854152679443
11.656854152679443
13.071067690849304
12.485281229019165
846.7320955991745
21.899494767189026
8.242640614509583
5.414213538169861
59.012192249298096
10.485281229019165
5.414213538169861
17.313708186149597
2.0
4.0
2.0
9.656854152679443
2.0
11.656854152679443
26.14213538169861
9.656854152679443
4.828427076339722
9.41421353816986
65.01219236850739
5.656854152679443
50.28427076339722
9.071067690849304
9.656854152679443
17.071067690849304
5.414213538169861
76.42640614509583
21.55634880065918
6.828427076339722
62.18376541137695
80.08326017856598
53.455843687057495
9.071067690849304
18.485281229019165
7.656854152679443
11.071067690849304
714.1219247579575
82.42640602588654
9.656854152679443
11.656854152679443
16.485281229019165
51.455843567848206
26.727921724319458
0.0
12.485281229019165
57.11269772052765
7.656854152679443
15.071067690849304