1.5
0.0
5.5
0.0
4.5
0.0
410.0
0.0
9.5
0.5
0.5
1.0
0.0
1.5
1.0
0.0
67.5
0.5
5.0
8.5
27.5
0.0
0.0
16.0
1.5
11.0
5.5
0.0
0.0
12.0
4.0
0.0
0.0
6.5
0.5
2.0
0.0
0.0
0.0
0.0
0.0
0.0
11.5
5.0
10.5
32.5
0.0
0.0
0.0
0.0
2.5
5.0
0.0
2.0
0.0
1.0
0.0
0.5
0.0
1.0
1.5
9.0
10.5
3.5
0.0
0.0
1.0
6.5
0.0
7.0
5.0
0.0
0.5
0.0
10.5
22.5
0.0
0.0
3.0
6.5
1.5
11.0
0.5
0.0
90.5
13.0
0.5
0.5
0.0
0.5
11.0
1.5
6.0
0.0
3.5
0.5
4.0
0.0
5.5
5.0
2.0
0.0
0.0
5.0
1.0
0.0
6.0
0.0
0.0
0.0
2.0
1.0
1.5
0.5
1.0
1.0
0.0
0.0
0.0
0.0
2.0
0.0
1.0
7.5
5.0
0.5
127.5
0.0
3.0
11.0
1.0
0.0
1.5
4.0
0.0
2.5
0.0
1.0
139.0
0.0
31.5
0.0
1.0
12.5
2.5
2.0
24.5
0.5
1396.5
2.0
1.5
0.5
1.0
0.0
8.0
10.5
2.5
1.5
0.5
0.0
0.0
1.0
1.0
18.0
0.0
0.0
0.0
14.0
1.0
13.5
5.5
8.0
0.0
0.0
0.0
0.0
1.5
0.5
21.5
43.5
0.0
0.0
0.0
0.5
5.0
2.0
0.5
8.5
1.5
0.0
29.5
0.0
0.0
0.0
2.0
0.0
1.0
0.0
0.0
0.5
1.5
0.0
9.0
0.5
19.0
2.0
28.5
0.0
0.0
0.0
1.0
258.5
0.0
4.0
0.5
0.0
8.0
2.0
1.0
2.5
1.0
1.0
0.0
0.5
0.0
0.0
0.0
30.0
0.0
4.0
2.0
0.0
0.5
0.0
1.0
0.0
0.0
0.0
2.5
0.0
2.0
2.0
1.5
1.5
1.0
0.0
1.0
3.5
0.0
0.0
0.0
1.0
7.0
3.0
11.0
0.0
7.5
0.0
4.0
0.0
5.0
1.0
1.0
2.5
0.0
2.5
0.0
0.0
13.0
0.5
2.5
31.5
2.5
3.5
0.5
0.0
3.5
0.0
0.0
18.5
0.0
1.0
3.0
0.0
0.0
1.0
4.5
2.5
0.0
12.5
0.0
0.5
0.0
0.0
3.0
0.0
0.0
5.5
0.0
47.5
0.5
13.5
0.0
0.0
6.5
0.0
0.0
3.5
0.0
0.0
1.5
3.0
14.5
0.0
0.0
0.5
4.0
28.0
1.0
0.5
1.5
2.0
0.0
1.5
0.0
15.0
0.5
1.0
0.0
0.0
71.0
0.0
137.5
0.0
0.0
285.0
5.0
0.0
0.0
0.0
324.0
3.5
0.0
2.0
4.0
6.0
16.0
9.0
3.5
0.0
0.0
7.5
0.0
1.5
0.0
0.0
94.0
2.0
0.0
0.0
26.0
4.0
0.0
31.5
19.0
0.0
76.5
0.0
0.5
4.0
4.5
4.0
16.5
0.0
11.0
0.0
0.0
6.5
0.0
4.5
3.0
0.0
16.5
0.0
2.5
0.0
0.0
1.0
0.0
0.0
0.0
0.0
0.0
2.0
43.5
0.0
3.0
1.0
0.5
3.0
0.0
1.5
39.5
1.0
272.0
2.5
0.0
48.5
1.0
1.5
0.5
0.0
187.0
0.0
0.0
0.0
15.0
0.0
0.0
0.0
0.5
0.0
4.5
0.5
1.0
1.0
4.5
1.5
0.0
0.0
12.5
0.0
0.0
0.0
0.0
1.5
0.0
28.0
0.0
2.0
1.0
4.0
0.0
1.5
80.5
0.5
0.0
5.5
0.0
31.5
1.0
0.0
9.5
0.0
0.0
0.5
0.0
19.0
0.0
1.0
3.5
1.0
0.5
0.0
60.0
354.0
0.0
0.5
2.0
0.0
4.5
1.5
2.0
0.0
6.5
0.0
1.0
0.0
0.0
0.0
0.0
0.0
0.0
9.5
3.5
0.5
2.5
1.0
2.0
0.5
5.5
0.0
37.5
0.0
0.0
14.5
0.0
15.5
2.0
0.0
0.5
0.0
0.5
0.0
57.5
3.5
0.0
3.0
0.0
107.0
4.5
0.0
25.5
4.0
0.0
0.0
2.0
11.5
11.5
0.0
287.5
0.0
0.0
0.0
1.5
0.0
70.5
0.5
164.5
0.0
14.5
2.5
1.5
4.5
2.0
1.5
2.5
33.0
0.0
1.0
0.0
1.0
1.0
30.5
1.0
6.5
0.0
0.5
1.0
0.0
3.0
0.5
0.0
0.0
1.0
0.0
0.0
2.0
0.0
0.0
0.5
0.0
8.0
0.0
14.0
2.0
0.0
30.0
2.0
132.0
0.0
0.0
0.0
0.0
5.5
0.0
0.0
1.0
0.0
4.0
1.0
2.0
0.5
0.0
0.0
0.0
0.5
0.0
52.0
0.0
0.0
0.5
0.0
0.0
176.0
2.5
1.0
0.0
2.0
0.0
1.0
11.0
0.0
0.0
4.0
0.5
0.0
2.5
0.0
3.0
0.0
3.0
24.0
0.0
6.5
52.5
2.0
19.5
0.0
0.0
0.0
0.0
0.5
105.5
1.0
1.0
3.0
106.0
7.5
0.0
7.5
0.0
0.0
0.0
0.0
0.0
0.5
1.0
8.0
6.0
1.5
4.0
2.5
2.5
0.5
4.0
96.5
0.0
0.0
299.5
0.0
0.0
21.5
0.0
0.0
0.0
2.5
114.0
0.0
3.0
1.5
0.5
0.5
0.0
0.0
0.0
1.0
0.0
0.5
1.5
0.0
8.0
0.0
0.5
7.0
107.5
0.0
0.5
1.0
0.0
0.0
0.5
0.0
0.0
0.5
0.0
81.5
7.5
0.5
0.0
4.5
0.0
1.0
1.0
0.5
0.0
0.0
9.5
5.0
2.5
10.5
0.0
3.0
1.5
146.5
6.5
1.0
209.0
2.5
0.0
1.0
17.5
1.0
7.5
0.0
1.5
0.5
2.5
0.0
3.0
0.5
321.0
1.0
154.5
0.0
6.0
0.0
148.5
0.0
0.0
0.0
3.0
8.5
1.0
0.0
0.0
0.0
1.0
0.0
1.0
5.0
0.0
0.0
0.0
5.5
7.0
0.0
0.0
5.5
1.0
0.5
0.0
3.0
0.0
21.0
1.0
0.0
1.0
0.0
0.0
0.5
0.5
0.5
1.0
6.5
4.5
9.5
0.5
1.0
0.0
12.5
0.0
0.0
0.0
0.0
0.5
15.5
0.0
1.0
0.0
12.0
7.0
0.5
5.0
0.0
2.0
2.0
0.0
0.0
0.0
0.0
0.0
0.0
0.0
0.0
5.5
0.0
0.0
0.0
1.0
0.0
1.5
0.5
0.0
3.5
6.5
0.0
0.0
0.0
0.0
2.5
25.0
1.0
1.0
152.0
0.0
0.0
1.5
6.0
1.5
4.5
2.5
0.0
0.5
1.0
325.0
2.0
4.0
1.5
0.0
0.0
0.0
3.5
2.0
2.5
0.0
3.5
9.5
10.5
0.0
1.5
2.5
4.0
0.0
8.0
28.5
0.0
0.0
18.0
63.0
0.0
1.5
0.5
14.5
0.0
0.0
5.0
2.5
5.5
0.0
2.5
1.0
0.5
1.0
0.0
0.0
0.0
0.0
1.0
1.5
1.0
3.0
2.5
3.0
56.0
14.0
0.0
0.0
0.0
1.0
0.5
0.0
0.0
5.5
11.5
0.0
12.5
0.0
0.5
0.0
1.0
0.0
0.0
3.0
14.0
3.5
0.0
0.0
0.0
0.5
2.5
3.5
0.0
1.0
388.5
0.0
0.0
0.0
1.0
5.5
0.0
2.5
277.0
0.0
0.0
1.0
50.5
0.0
11.5
3.0
0.0
0.0
3.0
0.0
0.0
1.5
0.0
3.5
1.5
1.0
70.0
0.0
0.0
2.5
11.0
0.0
37.5
4.0
790.0
0.0
0.5
10.5
0.0
2.0
0.0
0.0
1.0
0.0
91.0
0.0
0.5
0.0
35.0
1.0
1.5
3.5
0.0
0.0
1.0
0.0
1.5
1.0
0.0
0.0
1.5
1.0
0.0
0.5
0.0
96.0
1.0
33.0
0.0
0.0
0.0
0.0
0.5
0.0
0.0
1.5
0.0
0.5
7.0
12.0
2.0
0.0
0.5
0.0
6.5
2.5
0.0
1.0
0.0
0.0
1.0
41.5
0.0
27.0
0.5
0.0
0.5
0.0
12.5
0.0
153.5
0.0
15.0
9.5
2.0
0.0
1.0
0.0
2.0
0.0
0.0
0.0
1.0
5.0
0.0
0.0
0.0
3.0
0.5
0.0
0.0
138.5
0.0
6.0
2.0
9.5
0.5
24.0
5.0
4.0
96.5
0.0
0.0
2.5
0.0
9.5
0.0
0.0
0.0
12.0
8.0
0.0
0.5
0.0
2.0
9.0
12.5
6.5
0.0
0.0
0.0
0.0
1.0
35.5
0.5
0.5
0.0
0.0
1.0
2.5
2.0
0.0
0.0
2.0
0.0
18.5
14.5
0.0
0.0
7.5
0.0
1.5
0.0
0.5
2.5
0.0
0.0
8.0
2.0
0.0
0.0
0.0
0.0
0.0
0.0
0.0
1.5
5.5
0.0
0.0
0.5
0.0
0.0
1.0
0.0
1.5
1.0
1.5
0.0
0.5
0.0
0.0
0.0
6.0
58.5
0.5
3.0
0.5
0.0
17.5
1.0
0.0
1.0
2.5
1.0
1.5
3.5
2.0
0.0
0.0
7.5
0.0
0.0
1.5
1.0
14.0
1.0
0.0
0.0
1.5
0.0
0.0
0.0
0.0
5.0
0.0
0.0
0.0
0.0
0.0
13.0
0.0
0.0
0.0
0.0
0.0
4.5
6.0
12.0
3.5
16.5
14.5
6.0
14.5
9.5
2.0
0.0
1.5
4.0
1.0
0.0
0.0
0.0
8.0
0.0
0.0
1.5
0.0
0.0
1.5
1.5
1.5
0.0
0.0
45.0
0.0
0.0
0.0
1.0
56.0
0.5
2.0
0.0
2.0
0.0
21.0
1.0
0.5
1.0
36.5
0.0
251.5
2.5
1.5
0.0
1.5
0.0
275.0
0.0
107.0
0.0
1.0
0.5
0.0
0.0
0.0
30.0
0.0
1.5
1.0
0.0
0.0
7.5
0.0
1.0
0.5
1.0
2.0
4.5
4.5
1.5
0.0
1.5
1.0
1.0
6.5
6.0
1.5
7.5
3.5
1255.0
18.5
0.0
0.5
0.0
0.0
2.0
0.0
0.0
0.0
0.0
0.0
35.0
0.0
0.0
1.0
7.0
0.0
0.0
9.5
0.0
74.0
0.0
0.0
0.0
0.0
6.0
0.0
4.5
0.0
0.0
1.5
0.0
0.0
1.5
0.0
2.5
7.5
23.5
0.0
0.5
1.5
0.0
0.5
1.0
1.5
0.5
0.0
0.5
1.5
0.0
1.0
0.0
0.0
0.0
0.0
1.5
2.0
8.5
0.0
1.0
1.5
3.0
0.0
9.0
2.0
0.0
257.0
0.5
6.5
0.0
0.5
0.0
1.0
0.0
2.0
451.0
1.0
1.5
0.0
1.0
2.0
0.0
0.0
0.0
1.0
1.0
1.0
31.5
0.0
0.5
0.0
0.0
1.0
0.0
0.0
0.0
2.0
11.0
3.0
0.0
0.0
0.0
18.5
11.5
2.5
0.0
4.0
7.0
4.0
12.5
0.0
0.5
0.0
4.0
2.0
0.0
15.0
149.0
0.0
1.5
0.5
0.0
0.0
1.5
0.0
1.0
2.5
10.5
0.0
39.0
2.0
0.0
0.5
0.0
3.0
1.5
1.0
8.0
7.5
0.5
0.0
0.5
1.0
0.0
57.0
3.0
0.0
65.5
0.0
8.0
0.5
0.0
0.0
1.0
73.5
1.0
0.0
1.0
2.0
0.0
0.0
1.0
0.0
1.0
0.0
0.0
4.5
4.5
0.0
0.0
0.0
2.0
2.0
3.0
2.0
0.0
0.0
1.5
0.0
0.5
4.0
6.5
2.0
0.0
19.0
60.0
8.5
0.0
2.0
8.0
28.5
0.0
0.0
0.0
0.5
0.0
0.0
2.0
24.5
10.0
0.0
1.5
113.5
0.0
0.0
0.0
0.0
0.0
0.0
4.5
0.0
0.0
4.5
0.0
0.0
0.5
1.0
0.0
2.0
0.0
124.0
0.5
0.0
4.5
0.0
1.0
1.5
0.0
62.5
3.0
2.5
0.0
5.5
52.0
0.0
0.0
0.0
0.0
0.0
3.0
1.0
7.0
35.0
0.0
2.0
10.5
0.0
7.0
2.0
0.0
0.0
5.5
22.0
0.0
0.5
0.0
28.5
0.0
0.0
7.0
0.0
3.0
0.0
2.0
3.5
1.5
0.0
0.0
0.0
0.0
0.0
0.0
0.0
0.5
0.5
28.0
0.0
2.5
12.5
0.0
0.0
0.0
0.0
0.0
0.0
2.0
0.5
0.0
0.0
1.0
209.0
0.0
0.0
0.0
1.5
0.0
1.0
1.5
0.0
2.0
0.0
404.5
0.0
1.0
0.0
12.5
0.0
2.5
0.0
0.0
2.5
0.0
0.0
6.5
0.0
1.0
3.0
2.5
1.0
2.0
0.5
0.0
0.0
0.0
6.0
16.5
0.5
0.0
0.5
0.0
1.5
0.0
15.5
0.5
24.5
0.5
2.5
0.0
2.5
0.0
2.5
9.5
236.5
2.0
2.5
0.5
0.0
0.0
2.0
0.0
107.5
0.0
0.0
2.5
1.0
40.5
0.0
0.0
10.0
0.0
0.5
1.5
0.0
7.0
4.5
0.0
1.0
0.5
0.5
0.5
0.0
10.0
0.0
0.0
0.0
6.0
0.0
0.0
0.0
8.5
0.0
0.0
0.5
6.0
0.0
4.5
2.0
0.0
0.0
1.5
0.0
0.5
0.0
1.5
2.0
11.5
3.0
0.5
1.0
0.0
0.0
0.5
0.0
6.0
0.0
0.0
14.5
0.0
0.0
1.0
42.0
3.5
1.0
43.0
0.0
6.0
0.0
236.0
0.0
27.0
12.0
41.5
0.0
6.0
0.5
0.0
104.0
1.0
0.0
3.5
0.5
2.5
0.0
0.0
0.0
0.0
1.0
0.5
0.0
5.0
0.0
0.0
3.5
0.0
0.0
2.0
0.0
0.0
1.5
0.0
0.5
30.0
2.5
0.0
0.0
0.0
24.5
1.0
0.0
0.0
2.5
0.0
1.0
0.0
0.0
0.0
0.0
1.0
1.0
0.0
0.0
0.0
0.0
0.5
8.5
0.0
0.0
0.0
34.5
1.5
0.0
2.0
0.0
0.0
0.5
2.0
0.5
0.0
0.0
1.0
0.0
0.0
8.5
82.0
0.0
0.0
0.0
10.0
0.0
18.5
1.0
9.5
0.5
0.5
1.0
0.5
0.0
8.5
0.0
0.0
0.5
1.5
38.0
4.0
0.0
0.0
1.5
0.0
1.0
2.5
2.5
2.0
0.0
0.0
1.5
3.5
88.0
0.0
0.0
1.0
0.0
205.5
0.0
3.0
1.5
13.0
0.0
1.0
1.0
11.5
3.0
0.0
0.0
14.5
5.5
26.0
4.0
0.5
0.0
0.0
0.0
44.5
0.5
1.0
10.5
1.0
0.0
12.5
0.0
0.0
2.0
0.0
6.0
0.5
37.0
0.5
0.0
0.0
1.0
1.0
0.0
30.0
0.0
2.5
89.0
0.0
22.0
1.5
2.5
0.0
2.5
0.0
1.0
0.0
2.5
0.0
0.0
0.0
2.0
0.0
0.0
0.0
0.0
42.0
1.0
4.5
6.5
1.5
0.0
511.0
618.0
0.0
0.0
0.5
0.5
0.0
0.0
1.0
0.0
0.0
13.0
0.0
0.0
1.0
1.5
0.0
0.5
0.0
1.5
0.0
0.0
0.0
3.5
0.0
0.0
1.0
1.5
0.0
1.0
0.0
0.0
9.5
12.0
0.0
65.5
0.0
2.0
11.0
0.5
0.0
0.0
0.0
2.5
0.0
0.0
1.5
0.0
0.5
3.0
24.0
14.5
10.5
11.0
16.5
25.0
0.0
39.5
0.0
0.0
0.0
2.5
0.0
2.5
0.0
1.0
2.0
2.5
1.0
0.0
2.5
0.0
23.0
0.0
0.0
1.0
13.0
5.5
0.0
0.0
2.0
1.5
0.0
4.0
0.0
112.0
0.0
2.5
2.0
0.0
0.0
0.0
0.0
0.5
0.0
5.5
18.5
1.5
87.5
150.0
5.5
3.0
0.5
8.0
0.5
7.0
1.5
4.0
2.0
17.5
2.0
19.0
0.0
16.5
0.0
0.0
2.0
0.0
0.5
2.0
2.0
0.0
1.0
19.5
0.0
12.0
0.0
0.5
34.0
0.5
0.0
5.5
2.5
0.0
0.0
0.5
0.0
52.0
0.0
4.5
0.0
0.0
19.5
3.0
1.0
0.0
106.0
0.0
0.0
0.0
31.0
0.0
0.0
0.0
33.0
3.5
0.0
6.0
0.0
0.0
58.5
0.0
2.5
0.0
0.0
2.5
0.0
0.0
2.0
67.5
1.0
0.0
1.5
0.0
0.0
2.5
6.5
0.0
0.0
3.0
0.0
9.5
239.5
154.5
11.0
0.5
0.5
1.0
0.0
0.0
1.5
0.0
0.0
4.0
0.0
0.0
22.0
0.0
0.0
0.0
3.5
83.0
2.0
54.0
0.0
0.0
0.0
34.5
0.0
7.5
1.0
0.0
0.0
13.5
1.5
5.0
1.0
0.0
1.0
8.0
11.5
1.0
5.0
1.0
0.0
5.5
0.0
2.0
0.0
26.5
14.0
9.0
0.0
0.0
1.0
0.0
5.5
0.0
9.5
0.0
0.5
0.0
6.5
0.0
0.5
5.5
20.5
0.0
1.5
0.0
36.0
0.0
2.0
5.0
0.0
2.0
1.0
0.0
5.0
1.0
0.0
0.0
0.0
2.0
1.0
0.0
0.0
0.0
1.5
1.5
2.5
0.5
0.0
2.0
0.0
67.5
0.0
0.0
0.0
22.5
0.0
9.0
6.0
16.5
0.5
0.0
0.0
1.5
7.5
0.0
2.5
0.5
30.0
2.0
0.0
0.0
0.0
3.5
0.0
0.0
1.0
0.0
19.5
0.0
0.5
0.0
1.5
0.5
0.0
5.0
0.0
0.0
0.0
0.0
0.0
1.0
0.0
0.5
0.0
2.0
1.5
1.0
12.0
17.5
45.5
2.5
3.0
2.0
48.5
0.0
217.0
320.5
0.0
0.0
124.0
7.0
0.0
0.0
4.5
0.0
0.5
4.0
0.0
0.0
2.0
0.5
1.0
2.5
4.5
0.0
1.0
0.0
0.0
648.5
2.5
2.0
42.0
0.5
1.0
2.0
5.0
19.0
5.5
0.0
0.5
35.5
3.5
0.5
47.0
1.5
0.5
0.0
0.0
0.0
0.0
33.0
0.0
8.5
54.0
100.0
0.0
0.0
0.0
0.0
26.5
0.5
1.0
4.0
1.0
2.0
0.0
0.0
0.0
2.0
2.0
6.0
4.0
0.5
4.0
0.0
0.0
5.5
3.5
0.0
0.0
16.5
0.0
4.5
50.5
0.0
4.5
0.5
7.5
0.0
27.5
4.5
1.0
1.0
1.5
0.0
4.0
0.0
1.5
0.0
4.5
0.5
0.0
0.0
1.0
15.5
0.0
2.5
5.0
0.0
6.5
8.0
2.0
7.0
4.0
0.0
5.5
19.5
19.0
0.0
0.0
4.0
1.0
0.0
0.0
21.0
0.5
0.0
12.0
0.0
11.0
10.5
0.5
1.5
10.5
3.0
0.0
0.0
123.5
0.0
0.0
6.0
16.5
0.5
42.5
2.0
91.5
6.0
0.0
14.5
2.5
292.0
6.0
3.0
4.0
0.0
7.0
94.5
8.5
75.0
13.0
2.5
0.0
4.0
1.0
4.0
10.5
0.0
1.0
1.5
1.5
1.0
2.0
1.5
0.0
0.5
94.0
13.5
C:\Users\micro\Desktop\Gepilatas>
C:\Users\micro\Desktop\Gepilatas>python
init.py
Traceback
(most
recent
call
last):
File
"C:\Users\micro\Desktop\Gepilatas\init.py",
line
86,
in
<module>
if
len(approx)
==
4:
NameError:
name
'approx'
is
not
defined
C:\Users\micro\Desktop\Gepilatas>
C:\Users\micro\Desktop\Gepilatas>
C:\Users\micro\Desktop\Gepilatas>
C:\Users\micro\Desktop\Gepilatas>python
init.py
C:\Users\micro\Desktop\Gepilatas>python
init.py
Traceback
(most
recent
call
last):
File
"C:\Users\micro\Desktop\Gepilatas\init.py",
line
103,
in
<module>
KeyboardInterrupt
^C
C:\Users\micro\Desktop\Gepilatas>
C:\Users\micro\Desktop\Gepilatas>
C:\Users\micro\Desktop\Gepilatas>python
init.py
C:\Users\micro\Desktop\Gepilatas>
C:\Users\micro\Desktop\Gepilatas>
C:\Users\micro\Desktop\Gepilatas>
C:\Users\micro\Desktop\Gepilatas>python
init.py
C:\Users\micro\Desktop\Gepilatas>python
init.py
C:\Users\micro\Desktop\Gepilatas>
C:\Users\micro\Desktop\Gepilatas>
C:\Users\micro\Desktop\Gepilatas>python
init.py
C:\Users\micro\Desktop\Gepilatas>
C:\Users\micro\Desktop\Gepilatas>
C:\Users\micro\Desktop\Gepilatas>
C:\Users\micro\Desktop\Gepilatas>
C:\Users\micro\Desktop\Gepilatas>python
init.py
File
"C:\Users\micro\Desktop\Gepilatas\init.py",
line
114
epsilon
=
0.05*cv2.arcLength(i,True)
#
csak
zart
alakzatokat
keresunk
^
IndentationError:
expected
an
indented
block
C:\Users\micro\Desktop\Gepilatas>
C:\Users\micro\Desktop\Gepilatas>
C:\Users\micro\Desktop\Gepilatas>python
init.py
Traceback
(most
recent
call
last):
File
"C:\Users\micro\Desktop\Gepilatas\init.py",
line
79,
in
<module>
contours2
=
refineContours(contours1,
0,
0)
NameError:
name
'refineContours'
is
not
defined
C:\Users\micro\Desktop\Gepilatas>
C:\Users\micro\Desktop\Gepilatas>
C:\Users\micro\Desktop\Gepilatas>python
init.py
Checking
contours...
0.0
0.0
0.0
0.0
0.0
0.0
0.0
0.0
0.0
0.0
0.0
0.0
0.0
1.5
0.0
0.5
0.0
1.0
0.0
0.5
0.0
0.0
1.0
2.0
0.5
1.0
0.0
0.0
0.0
0.0
0.0
0.0
1.5
2.0
3.0
1.0
1.5
0.5
2.0
0.0
0.0
0.0
0.0
0.0
0.0
0.0
0.5
0.0
15.5
0.5
1.0
2.0
0.0
4.5
2.0
3.0
1.0
0.0
2.0
0.0
7.5
0.0
0.0
2.5
0.0
3.0
0.0
5.5
8.0
0.0
0.0
0.5
0.0
7.5
25.5
8.0
24.0
1.0
9.0
0.0
1.0
0.0
13.0
1.0
1.0
8.0
0.0
0.5
2.0
24.0
1.0
19.0
0.0
0.0
39.0
0.0
0.0
6.0
2.0
1.5
11.0
36.5
0.0
0.0
6.0
0.0
3.5
0.0
0.0
0.0
0.0
17.5
1.0
6.0
0.0
10.0
1.5
0.0
0.5
0.0
12.5
0.0
2.0
0.0
2.5
0.0
0.0
1.5
0.0
0.0
17.0
12.5
0.0
1.0
0.0
45.5
2.5
9.5
6.0
0.0
0.0
0.0
0.0
0.0
0.0
1.0
2.0
14.5
0.0
0.0
0.0
2.0
1.0
10.5
8.0
0.0
0.0
0.0
1.5
7.5
1.0
0.0
0.0
2.0
11.5
1.0
53.5
0.0
3.0
0.0
2.0
1.0
0.0
7.0
77.0
5.0
0.5
1.0
25.5
0.0
2.0
0.5
0.0
0.0
0.0
0.0
0.0
0.0
0.5
13.5
27.0
2.0
0.0
0.0
0.0
0.0
0.0
8.0
0.0
2.0
5.0
0.0
3.0
7.0
1.0
3.0
0.0
0.0
1.5
0.0
1.5
1.5
0.0
8.0
1.0
22.5
0.5
10.5
0.0
2.0
0.0
8.5
12.5
41.5
2.0
11.5
1.5
0.5
3.5
102.0
0.0
0.0
0.0
232.0
0.0
3.5
0.0
0.0
0.0
0.0
0.0
0.0
1.5
0.5
0.0
0.0
1.0
0.0
3.0
0.0
5.0
0.0
0.0
7.0
0.0
0.0
6.0
19.5
0.0
4.0
1.0
3.0
2.5
290.5
0.0
2.5
0.5
0.0
0.0
0.0
0.0
0.0
0.0
0.5
3.0
2.5
0.0
1.0
2.0
0.0
2.0
0.0
0.0
1.0
1.0
0.0
1.0
80.5
0.0
0.5
2.0
0.0
1.5
7.5
11.0
7.5
0.0
0.0
8.5
11.0
3.5
3.5
0.0
0.0
0.0
0.0
0.0
0.0
0.0
7.0
0.0
0.0
0.0
0.0
0.0
0.5
1.0
0.0
1.0
0.0
20.0
21.5
2.0
70.0
3.5
57.0
0.0
0.0
0.0
0.0
16.0
170.5
3.0
0.5
1.0
0.0
1.5
0.0
5.0
0.0
0.0
9.0
13.5
1.5
0.0
0.0
0.0
79.5
3.0
2.5
2.0
0.0
0.0
2.5
0.0
3.0
0.0
16.0
0.0
1.5
51.0
0.0
9.5
11.0
0.0
0.0
3.5
0.0
0.0
0.0
0.5
0.0
2.5
14.0
0.0
17.5
70.5
0.0
1.0
3.5
6.0
1.0
0.0
3.5
3.0
0.0
1.0
0.0
0.0
0.5
0.0
0.0
0.0
2.5
54.0
1.0
1.5
8.5
5.0
21.0
9.0
0.0
0.0
55.5
4.0
0.0
164.0
0.5
0.0
0.0
539.5
0.0
0.5
1.5
13.5
0.5
0.0
0.0
0.0
0.0
1.5
4.0
8.5
0.0
0.5
1.0
0.0
2.5
0.5
68.0
1.0
15.0
0.0
3.0
0.0
1.5
0.0
1.0
12.5
63.5
0.0
10.0
0.5
0.0
0.0
1.0
2.5
0.5
10.5
0.5
0.0
119.0
0.0
0.0
2.0
10.0
0.0
0.0
0.0
0.0
2.5
4.5
1.0
3.5
0.5
3.0
0.0
0.0
0.0
0.0
65.5
3.5
7.5
11.0
0.0
2.5
237.0
0.0
0.0
8.0
2.5
0.0
1.0
0.5
0.5
228.5
0.0
1.5
5.0
0.0
13.5
4.0
0.0
0.0
92.0
0.0
0.0
18.5
1.5
0.5
3.0
0.0
25.5
1.5
0.0
3.0
2.5
8.5
2.0
2.0
1.5
1.0
21.5
0.5
2.0
10.0
0.0
2.0
58.0
0.0
10.5
8.0
14.0
0.0
0.0
70.0
1.5
0.0
0.0
0.0
0.0
4.0
0.0
14.0
1.0
0.0
0.0
135.5
16.5
7.0
0.0
4.0
0.0
3.5
0.0
0.0
28.0
12.0
1.0
0.0
0.0
92.0
0.0
1.0
0.0
1.5
1.0
4.0
102.5
1.0
2.0
0.0
0.0
4.5
0.5
1.0
10.0
4.0
0.0
1.0
0.0
3.5
0.0
9.0
2.5
0.0
6.5
12.0
1.5
5.5
0.0
2.0
1.0
2.5
7.5
0.0
29.5
0.0
0.5
0.5
40.5
6.5
11.0
0.5
2.5
0.0
0.0
0.0
25.0
0.0
0.5
0.5
0.0
0.0
6.5
10.0
1.0
3.5
1.0
29.5
0.0
0.0
5.5
4.0
6.0
8.0
10.5
2.5
6.5
1.0
0.0
0.0
0.5
5.0
0.0
0.5
0.0
5.0
0.0
0.0
0.0
0.0
0.0
1.0
1.0
0.0
0.0
0.0
1.5
0.0
0.0
30.0
6.5
0.0
0.0
0.0
2.5
0.5
5.5
3.5
1.0
1.0
0.0
182.0
44.0
0.0
0.0
0.5
2.0
0.0
85.0
1.0
7.5
0.0
0.0
0.0
0.0
19.5
1.0
26.5
22.5
3.5
0.5
0.0
1.0
0.0
2.5
33.0
0.0
3.0
13.0
10.5
1.0
1.0
0.0
11.0
0.0
1.0
0.0
3.5
0.0
1.5
23.0
0.0
0.0
0.0
0.0
0.0
1.5
0.0
2.0
0.0
0.0
0.0
4.0
0.5
100.5
2.0
50.0
0.0
0.0
1.0
175.0
18.5
30.0
14.0
0.0
0.0
11.5
1.0
206.5
21.0
3.5
8.0
0.0
2.5
3.5
2.5
8.5
0.0
44.5
54.0
0.5
0.0
1.0
0.0
0.0
0.5
0.0
0.0
0.0
10.0
1.0
129.5
0.0
35.5
5.0
0.0
3.5
0.0
0.0
13.0
10.5
8.0
4.5
0.0
7.5
14.5
0.0
0.0
10.5
0.0
158.5
0.0
0.0
0.0
1.5
7.0
0.5
0.0
0.0
0.0
6.5
0.0
1.0
1.0
11.0
5.0
0.0
2.5
3.0
1.0
0.0
0.5
0.0
1.5
7.5
0.0
8.0
0.0
0.0
3.0
0.0
0.0
0.5
6.0
0.0
0.0
1.0
0.0
0.5
26.0
1.0
0.0
0.0
8.0
9.0
0.0
1.0
9.5
78.0
2.5
1.0
1.0
0.0
3.0
6.5
0.0
180.5
0.0
1.0
1.0
0.5
0.0
1.0
0.0
1.0
33.5
0.5
0.0
0.0
4.5
0.0
0.0
3.5
7.0
0.0
11.5
0.0
0.0
2.0
0.0
1.5
31.0
5.0
23.5
0.0
16.5
0.0
0.0
2.0
1.0
5.0
0.0
1.5
0.0
0.0
1.5
7.0
0.0
2.0
0.0
0.0
0.0
11.0
0.0
0.0
25.5
0.5
0.0
5.5
9.0
0.0
2.5
19.5
0.0
1.5
0.5
0.0
0.0
0.5
1.0
0.0
2.0
14.5
9.5
45.0
8.0
0.0
0.5
0.0
0.0
0.0
0.0
0.5
0.0
0.0
0.0
0.5
0.0
0.5
0.0
0.5
7.0
0.0
16.5
0.0
1.0
0.0
0.0
4.0
0.0
1.5
0.5
4.5
0.5
23.0
2.0
30.0
29.0
9.5
2.0
13.5
9.0
19.5
1.0
5.0
0.5
1.5
0.0
0.0
1.0
12.0
4.5
4.5
2.5
23.0
2.5
2.0
0.0
21.5
15.0
8.5
0.0
30.5
0.0
18.0
1.0
1.0
0.0
0.0
7.0
6.0
40.0
0.0
4.5
7.0
1.0
28.0
1.0
1.5
0.5
2.5
1.0
0.0
0.0
2.0
16.0
3.5
0.0
23.0
31.5
0.0
0.0
19.0
10.5
0.0
6.5
1.5
0.0
87.5
0.0
0.0
224.5
0.5
6.5
0.0
3.0
0.0
0.0
8.0
1.0
0.5
0.0
47.0
0.0
0.5
2.0
265.0
23.5
0.0
0.5
6.0
28.5
3.0
1.0
1.5
0.0
0.0
248.5
0.0
0.0
0.0
2.5
0.0
4.0
52.5
0.0
0.0
0.0
1.0
0.0
3.5
0.5
1.0
17.5
0.0
0.0
1.0
4.5
18.5
17.5
23.0
4.5
11.5
0.0
0.0
12.5
0.0
6.5
2.5
4.5
7.0
5.0
0.0
0.0
3.0
0.0
4.0
1.5
0.0
0.0
2.5
0.5
0.0
0.0
246.0
0.5
4.5
2.0
0.0
0.0
1.0
18.0
66.5
0.0
1.5
0.0
0.5
2.0
0.0
1.5
4.5
0.0
0.5
0.0
0.0
1.0
0.0
0.0
0.0
10.5
0.0
0.0
23.5
15.5
1.5
3.0
0.0
23.0
0.0
0.0
2.0
12.0
234.5
1.5
0.0
0.0
0.0
4.0
8.5
11.5
10.0
1.0
8.5
24.5
0.0
1.5
1.0
4.5
57.0
1.5
0.0
0.0
0.0
2.5
0.0
4.0
0.0
2.0
45.0
0.0
4.0
0.0
1.0
0.0
0.5
0.5
0.0
0.0
0.0
3.0
0.5
0.0
7.5
5.5
0.0
24.0
456.0
1.0
0.0
0.0
0.5
35.0
0.0
18.5
4.0
1.0
35.0
2.5
2.5
0.0
0.0
0.0
0.0
0.0
140.5
7.5
2.0
1.5
0.0
5.0
70.0
0.0
4.5
3.0
0.5
7.5
0.5
3.0
8.0
5.5
0.0
0.5
0.0
4.0
10.0
0.0
1.5
0.0
3.0
18.0
3.5
1.0
0.5
5.5
4.5
0.0
1.5
0.0
0.0
0.0
187.5
13.5
63.5
1.0
34.5
0.0
1.0
0.0
0.0
0.0
1.0
0.0
5.0
1.0
0.0
2.5
0.0
25.5
1.0
4.5
20.5
11.0
0.0
4.0
44.0
1.5
1.0
2.0
0.0
7.0
106.0
3.0
2.5
0.5
10.5
8.5
1.0
0.0
0.0
1.5
0.0
5.5
0.0
4.5
0.0
410.0
0.0
9.5
0.5
0.5
1.0
0.0
1.5
1.0
0.0
67.5
0.5
5.0
8.5
27.5
0.0
0.0
16.0
1.5
11.0
5.5
0.0
0.0
12.0
4.0
0.0
0.0
6.5
0.5
2.0
0.0
0.0
0.0
0.0
0.0
0.0
11.5
5.0
10.5
32.5
0.0
0.0
0.0
0.0
2.5
5.0
0.0
2.0
0.0
1.0
0.0
0.5
0.0
1.0
1.5
9.0
10.5
3.5
0.0
0.0
1.0
6.5
0.0
7.0
5.0
0.0
0.5
0.0
10.5
22.5
0.0
0.0
3.0
6.5
1.5
11.0
0.5
0.0
90.5
13.0
0.5
0.5
0.0
0.5
11.0
1.5
6.0
0.0
3.5
0.5
4.0
0.0
5.5
5.0
2.0
0.0
0.0
5.0
1.0
0.0
6.0
0.0
0.0
0.0
2.0
1.0
1.5
0.5
1.0
1.0
0.0
0.0
0.0
0.0
2.0
0.0
1.0
7.5
5.0
0.5
127.5
0.0
3.0
11.0
1.0
0.0
1.5
4.0
0.0
2.5
0.0
1.0
139.0
0.0
31.5
0.0
1.0
12.5
2.5
2.0
24.5
0.5
1396.5
2.0
1.5
0.5
1.0
0.0
8.0
10.5
2.5
1.5
0.5
0.0
0.0
1.0
1.0
18.0
0.0
0.0
0.0
14.0
1.0
13.5
5.5
8.0
0.0
0.0
0.0
0.0
1.5
0.5
21.5
43.5
0.0
0.0
0.0
0.5
5.0
2.0
0.5
8.5
1.5
0.0
29.5
0.0
0.0
0.0
2.0
0.0
1.0
0.0
0.0
0.5
1.5
0.0
9.0
0.5
19.0
2.0
28.5
0.0
0.0
0.0
1.0
258.5
0.0
4.0
0.5
0.0
8.0
2.0
1.0
2.5
1.0
1.0
0.0
0.5
0.0
0.0
0.0
30.0
0.0
4.0
2.0
0.0
0.5
0.0
1.0
0.0
0.0
0.0
2.5
0.0
2.0
2.0
1.5
1.5
1.0
0.0
1.0
3.5
0.0
0.0
0.0
1.0
7.0
3.0
11.0
0.0
7.5
0.0
4.0
0.0
5.0
1.0
1.0
2.5
0.0
2.5
0.0
0.0
13.0
0.5
2.5
31.5
2.5
3.5
0.5
0.0
3.5
0.0
0.0
18.5
0.0
1.0
3.0
0.0
0.0
1.0
4.5
2.5
0.0
12.5
0.0
0.5
0.0
0.0
3.0
0.0
0.0
5.5
0.0
47.5
0.5
13.5
0.0
0.0
6.5
0.0
0.0
3.5
0.0
0.0
1.5
3.0
14.5
0.0
0.0
0.5
4.0
28.0
1.0
0.5
1.5
2.0
0.0
1.5
0.0
15.0
0.5
1.0
0.0
0.0
71.0
0.0
137.5
0.0
0.0
285.0
5.0
0.0
0.0
0.0
324.0
3.5
0.0
2.0
4.0
6.0
16.0
9.0
3.5
0.0
0.0
7.5
0.0
1.5
0.0
0.0
94.0
2.0
0.0
0.0
26.0
4.0
0.0
31.5
19.0
0.0
76.5
0.0
0.5
4.0
4.5
4.0
16.5
0.0
11.0
0.0
0.0
6.5
0.0
4.5
3.0
0.0
16.5
0.0
2.5
0.0
0.0
1.0
0.0
0.0
0.0
0.0
0.0
2.0
43.5
0.0
3.0
1.0
0.5
3.0
0.0
1.5
39.5
1.0
272.0
2.5
0.0
48.5
1.0
1.5
0.5
0.0
187.0
0.0
0.0
0.0
15.0
0.0
0.0
0.0
0.5
0.0
4.5
0.5
1.0
1.0
4.5
1.5
0.0
0.0
12.5
0.0
0.0
0.0
0.0
1.5
0.0
28.0
0.0
2.0
1.0
4.0
0.0
1.5
80.5
0.5
0.0
5.5
0.0
31.5
1.0
0.0
9.5
0.0
0.0
0.5
0.0
19.0
0.0
1.0
3.5
1.0
0.5
0.0
60.0
354.0
0.0
0.5
2.0
0.0
4.5
1.5
2.0
0.0
6.5
0.0
1.0
0.0
0.0
0.0
0.0
0.0
0.0
9.5
3.5
0.5
2.5
1.0
2.0
0.5
5.5
0.0
37.5
0.0
0.0
14.5
0.0
15.5
2.0
0.0
0.5
0.0
0.5
0.0
57.5
3.5
0.0
3.0
0.0
107.0
4.5
0.0
25.5
4.0
0.0
0.0
2.0
11.5
11.5
0.0
287.5
0.0
0.0
0.0
1.5
0.0
70.5
0.5
164.5
0.0
14.5
2.5
1.5
4.5
2.0
1.5
2.5
33.0
0.0
1.0
0.0
1.0
1.0
30.5
1.0
6.5
0.0
0.5
1.0
0.0
3.0
0.5
0.0
0.0
1.0
0.0
0.0
2.0
0.0
0.0
0.5
0.0
8.0
0.0
14.0
2.0
0.0
30.0
2.0
132.0
0.0
0.0
0.0
0.0
5.5
0.0
0.0
1.0
0.0
4.0
1.0
2.0
0.5
0.0
0.0
0.0
0.5
0.0
52.0
0.0
0.0
0.5
0.0
0.0
176.0
2.5
1.0
0.0
2.0
0.0
1.0
11.0
0.0
0.0
4.0
0.5
0.0
2.5
0.0
3.0
0.0
3.0
24.0
0.0
6.5
52.5
2.0
19.5
0.0
0.0
0.0
0.0
0.5
105.5
1.0
1.0
3.0
106.0
7.5
0.0
7.5
0.0
0.0
0.0
0.0
0.0
0.5
1.0
8.0
6.0
1.5
4.0
2.5
2.5
0.5
4.0
96.5
0.0
0.0
299.5
0.0
0.0
21.5
0.0
0.0
0.0
2.5
114.0
0.0
3.0
1.5
0.5
0.5
0.0
0.0
0.0
1.0
0.0
0.5
1.5
0.0
8.0
0.0
0.5
7.0
107.5
0.0
0.5
1.0
0.0
0.0
0.5
0.0
0.0
0.5
0.0
81.5
7.5
0.5
0.0
4.5
0.0
1.0
1.0
0.5
0.0
0.0
9.5
5.0
2.5
10.5
0.0
3.0
1.5
146.5
6.5
1.0
209.0
2.5
0.0
1.0
17.5
1.0
7.5
0.0
1.5
0.5
2.5
0.0
3.0
0.5
321.0
1.0
154.5
0.0
6.0
0.0
148.5
0.0
0.0
0.0
3.0
8.5
1.0
0.0
0.0
0.0
1.0
0.0
1.0
5.0
0.0
0.0
0.0
5.5
7.0
0.0
0.0
5.5
1.0
0.5
0.0
3.0
0.0
21.0
1.0
0.0
1.0
0.0
0.0
0.5
0.5
0.5
1.0
6.5
4.5
9.5
0.5
1.0
0.0
12.5
0.0
0.0
0.0
0.0
0.5
15.5
0.0
1.0
0.0
12.0
7.0
0.5
5.0
0.0
2.0
2.0
0.0
0.0
0.0
0.0
0.0
0.0
0.0
0.0
5.5
0.0
0.0
0.0
1.0
0.0
1.5
0.5
0.0
3.5
6.5
0.0
0.0
0.0
0.0
2.5
25.0
1.0
1.0
152.0
0.0
0.0
1.5
6.0
1.5
4.5
2.5
0.0
0.5
1.0
325.0
2.0
4.0
1.5
0.0
0.0
0.0
3.5
2.0
2.5
0.0
3.5
9.5
10.5
0.0
1.5
2.5
4.0
0.0
8.0
28.5
0.0
0.0
18.0
63.0
0.0
1.5
0.5
14.5
0.0
0.0
5.0
2.5
5.5
0.0
2.5
1.0
0.5
1.0
0.0
0.0
0.0
0.0
1.0
1.5
1.0
3.0
2.5
3.0
56.0
14.0
0.0
0.0
0.0
1.0
0.5
0.0
0.0
5.5
11.5
0.0
12.5
0.0
0.5
0.0
1.0
0.0
0.0
3.0
14.0
3.5
0.0
0.0
0.0
0.5
2.5
3.5
0.0
1.0
388.5
0.0
0.0
0.0
1.0
5.5
0.0
2.5
277.0
0.0
0.0
1.0
50.5
0.0
11.5
3.0
0.0
0.0
3.0
0.0
0.0
1.5
0.0
3.5
1.5
1.0
70.0
0.0
0.0
2.5
11.0
0.0
37.5
4.0
790.0
0.0
0.5
10.5
0.0
2.0
0.0
0.0
1.0
0.0
91.0
0.0
0.5
0.0
35.0
1.0
1.5
3.5
0.0
0.0
1.0
0.0
1.5
1.0
0.0
0.0
1.5
1.0
0.0
0.5
0.0
96.0
1.0
33.0
0.0
0.0
0.0
0.0
0.5
0.0
0.0
1.5
0.0
0.5
7.0
12.0
2.0
0.0
0.5
0.0
6.5
2.5
0.0
1.0
0.0
0.0
1.0
41.5
0.0
27.0
0.5
0.0
0.5
0.0
12.5
0.0
153.5
0.0
15.0
9.5
2.0
0.0
1.0
0.0
2.0
0.0
0.0
0.0
1.0
5.0
0.0
0.0
0.0
3.0
0.5
0.0
0.0
138.5
0.0
6.0
2.0
9.5
0.5
24.0
5.0
4.0
96.5
0.0
0.0
2.5
0.0
9.5
0.0
0.0
0.0
12.0
8.0
0.0
0.5
0.0
2.0
9.0
12.5
6.5
0.0
0.0
0.0
0.0
1.0
35.5
0.5
0.5
0.0
0.0
1.0
2.5
2.0
0.0
0.0
2.0
0.0
18.5
14.5
0.0
0.0
7.5
0.0
1.5
0.0
0.5
2.5
0.0
0.0
8.0
2.0
0.0
0.0
0.0
0.0
0.0
0.0
0.0
1.5
5.5
0.0
0.0
0.5
0.0
0.0
1.0
0.0
1.5
1.0
1.5
0.0
0.5
0.0
0.0
0.0
6.0
58.5
0.5
3.0
0.5
0.0
17.5
1.0
0.0
1.0
2.5
1.0
1.5
3.5
2.0
0.0
0.0
7.5
0.0
0.0
1.5
1.0
14.0
1.0
0.0
0.0
1.5
0.0
0.0
0.0
0.0
5.0
0.0
0.0
0.0
0.0
0.0
13.0
0.0
0.0
0.0
0.0
0.0
4.5
6.0
12.0
3.5
16.5
14.5
6.0
14.5
9.5
2.0
0.0
1.5
4.0
1.0
0.0
0.0
0.0
8.0
0.0
0.0
1.5
0.0
0.0
1.5
1.5
1.5
0.0
0.0
45.0
0.0
0.0
0.0
1.0
56.0
0.5
2.0
0.0
2.0
0.0
21.0
1.0
0.5
1.0
36.5
0.0
251.5
2.5
1.5
0.0
1.5
0.0
275.0
0.0
107.0
0.0
1.0
0.5
0.0
0.0
0.0
30.0
0.0
1.5
1.0
0.0
0.0
7.5
0.0
1.0
0.5
1.0
2.0
4.5
4.5
1.5
0.0
1.5
1.0
1.0
6.5
6.0
1.5
7.5
3.5
1255.0
18.5
0.0
0.5
0.0
0.0
2.0
0.0
0.0
0.0
0.0
0.0
35.0
0.0
0.0
1.0
7.0
0.0
0.0
9.5
0.0
74.0
0.0
0.0
0.0
0.0
6.0
0.0
4.5
0.0
0.0
1.5
0.0
0.0
1.5
0.0
2.5
7.5
23.5
0.0
0.5
1.5
0.0
0.5
1.0
1.5
0.5
0.0
0.5
1.5
0.0
1.0
0.0
0.0
0.0
0.0
1.5
2.0
8.5
0.0
1.0
1.5
3.0
0.0
9.0
2.0
0.0
257.0
0.5
6.5
0.0
0.5
0.0
1.0
0.0
2.0
451.0
1.0
1.5
0.0
1.0
2.0
0.0
0.0
0.0
1.0
1.0
1.0
31.5
0.0
0.5
0.0
0.0
1.0
0.0
0.0
0.0
2.0
11.0
3.0
0.0
0.0
0.0
18.5
11.5
2.5
0.0
4.0
7.0
4.0
12.5
0.0
0.5
0.0
4.0
2.0
0.0
15.0
149.0
0.0
1.5
0.5
0.0
0.0
1.5
0.0
1.0
2.5
10.5
0.0
39.0
2.0
0.0
0.5
0.0
3.0
1.5
1.0
8.0
7.5
0.5
0.0
0.5
1.0
0.0
57.0
3.0
0.0
65.5
0.0
8.0
0.5
0.0
0.0
1.0
73.5
1.0
0.0
1.0
2.0
0.0
0.0
1.0
0.0
1.0
0.0
0.0
4.5
4.5
0.0
0.0
0.0
2.0
2.0
3.0
2.0
0.0
0.0
1.5
0.0
0.5
4.0
6.5
2.0
0.0
19.0
60.0
8.5
0.0
2.0
8.0
28.5
0.0
0.0
0.0
0.5
0.0
0.0
2.0
24.5
10.0
0.0
1.5
113.5
0.0
0.0
0.0
0.0
0.0
0.0
4.5
0.0
0.0
4.5
0.0
0.0
0.5
1.0
0.0
2.0
0.0
124.0
0.5
0.0
4.5
0.0
1.0
1.5
0.0
62.5
3.0
2.5
0.0
5.5
52.0
0.0
0.0
0.0
0.0
0.0
3.0
1.0
7.0
35.0
0.0
2.0
10.5
0.0
7.0
2.0
0.0
0.0
5.5
22.0
0.0
0.5
0.0
28.5
0.0
0.0
7.0
0.0
3.0
0.0
2.0
3.5
1.5
0.0
0.0
0.0
0.0
0.0
0.0
0.0
0.5
0.5
28.0
0.0
2.5
12.5
0.0
0.0
0.0
0.0
0.0
0.0
2.0
0.5
0.0
0.0
1.0
209.0
0.0
0.0
0.0
1.5
0.0
1.0
1.5
0.0
2.0
0.0
404.5
0.0
1.0
0.0
12.5
0.0
2.5
0.0
0.0
2.5
0.0
0.0
6.5
0.0
1.0
3.0
2.5
1.0
2.0
0.5
0.0
0.0
0.0
6.0
16.5
0.5
0.0
0.5
0.0
1.5
0.0
15.5
0.5
24.5
0.5
2.5
0.0
2.5
0.0
2.5
9.5
236.5
2.0
2.5
0.5
0.0
0.0
2.0
0.0
107.5
0.0
0.0
2.5
1.0
40.5
0.0
0.0
10.0
0.0
0.5
1.5
0.0
7.0
4.5
0.0
1.0
0.5
0.5
0.5
0.0
10.0
0.0
0.0
0.0
6.0
0.0
0.0
0.0
8.5
0.0
0.0
0.5
6.0
0.0
4.5
2.0
0.0
0.0
1.5
0.0
0.5
0.0
1.5
2.0
11.5
3.0
0.5
1.0
0.0
0.0
0.5
0.0
6.0
0.0
0.0
14.5
0.0
0.0
1.0
42.0
3.5
1.0
43.0
0.0
6.0
0.0
236.0
0.0
27.0
12.0
41.5
0.0
6.0
0.5
0.0
104.0
1.0
0.0
3.5
0.5
2.5
0.0
0.0
0.0
0.0
1.0
0.5
0.0
5.0
0.0
0.0
3.5
0.0
0.0
2.0
0.0
0.0
1.5
0.0
0.5
30.0
2.5
0.0
0.0
0.0
24.5
1.0
0.0
0.0
2.5
0.0
1.0
0.0
0.0
0.0
0.0
1.0
1.0
0.0
0.0
0.0
0.0
0.5
8.5
0.0
0.0
0.0
34.5
1.5
0.0
2.0
0.0
0.0
0.5
2.0
0.5
0.0
0.0
1.0
0.0
0.0
8.5
82.0
0.0
0.0
0.0
10.0
0.0
18.5
1.0
9.5
0.5
0.5
1.0
0.5
0.0
8.5
0.0
0.0
0.5
1.5
38.0
4.0
0.0
0.0
1.5
0.0
1.0
2.5
2.5
2.0
0.0
0.0
1.5
3.5
88.0
0.0
0.0
1.0
0.0
205.5
0.0
3.0
1.5
13.0
0.0
1.0
1.0
11.5
3.0
0.0
0.0
14.5
5.5
26.0
4.0
0.5
0.0
0.0
0.0
44.5
0.5
1.0
10.5
1.0
0.0
12.5
0.0
0.0
2.0
0.0
6.0
0.5
37.0
0.5
0.0
0.0
1.0
1.0
0.0
30.0
0.0
2.5
89.0
0.0
22.0
1.5
2.5
0.0
2.5
0.0
1.0
0.0
2.5
0.0
0.0
0.0
2.0
0.0
0.0
0.0
0.0
42.0
1.0
4.5
6.5
1.5
0.0
511.0
618.0
0.0
0.0
0.5
0.5
0.0
0.0
1.0
0.0
0.0
13.0
0.0
0.0
1.0
1.5
0.0
0.5
0.0
1.5
0.0
0.0
0.0
3.5
0.0
0.0
1.0
1.5
0.0
1.0
0.0
0.0
9.5
12.0
0.0
65.5
0.0
2.0
11.0
0.5
0.0
0.0
0.0
2.5
0.0
0.0
1.5
0.0
0.5
3.0
24.0
14.5
10.5
11.0
16.5
25.0
0.0
39.5
0.0
0.0
0.0
2.5
0.0
2.5
0.0
1.0
2.0
2.5
1.0
0.0
2.5
0.0
23.0
0.0
0.0
1.0
13.0
5.5
0.0
0.0
2.0
1.5
0.0
4.0
0.0
112.0
0.0
2.5
2.0
0.0
0.0
0.0
0.0
0.5
0.0
5.5
18.5
1.5
87.5
150.0
5.5
3.0
0.5
8.0
0.5
7.0
1.5
4.0
2.0
17.5
2.0
19.0
0.0
16.5
0.0
0.0
2.0
0.0
0.5
2.0
2.0
0.0
1.0
19.5
0.0
12.0
0.0
0.5
34.0
0.5
0.0
5.5
2.5
0.0
0.0
0.5
0.0
52.0
0.0
4.5
0.0
0.0
19.5
3.0
1.0
0.0
106.0
0.0
0.0
0.0
31.0
0.0
0.0
0.0
33.0
3.5
0.0
6.0
0.0
0.0
58.5
0.0
2.5
0.0
0.0
2.5
0.0
0.0
2.0
67.5
1.0
0.0
1.5
0.0
0.0
2.5
6.5
0.0
0.0
3.0
0.0
9.5
239.5
154.5
11.0
0.5
0.5
1.0
0.0
0.0
1.5
0.0
0.0
4.0
0.0
0.0
22.0
0.0
0.0
0.0
3.5
83.0
2.0
54.0
0.0
0.0
0.0
34.5
0.0
7.5
1.0
0.0
0.0
13.5
1.5
5.0
1.0
0.0
1.0
8.0
11.5
1.0
5.0
1.0
0.0
5.5
0.0
2.0
0.0
26.5
14.0
9.0
0.0
0.0
1.0
0.0
5.5
0.0
9.5
0.0
0.5
0.0
6.5
0.0
0.5
5.5
20.5
0.0
1.5
0.0
36.0
0.0
2.0
5.0
0.0
2.0
1.0
0.0
5.0
1.0
0.0
0.0
0.0
2.0
1.0
0.0
0.0
0.0
1.5
1.5
2.5
0.5
0.0
2.0
0.0
67.5
0.0
0.0
0.0
22.5
0.0
9.0
6.0
16.5
0.5
0.0
0.0
1.5
7.5
0.0
2.5
0.5
30.0
2.0
0.0
0.0
0.0
3.5
0.0
0.0
1.0
0.0
19.5
0.0
0.5
0.0
1.5
0.5
0.0
5.0
0.0
0.0
0.0
0.0
0.0
1.0
0.0
0.5
0.0
2.0
1.5
1.0
12.0
17.5
45.5
2.5
3.0
2.0
48.5
0.0
217.0
320.5
0.0
0.0
124.0
7.0
0.0
0.0
4.5
0.0
0.5
4.0
0.0
0.0
2.0
0.5
1.0
2.5
4.5
0.0
1.0
0.0
0.0
648.5
2.5
2.0
42.0
0.5
1.0
2.0
5.0
19.0
5.5
0.0
0.5
35.5
3.5
0.5
47.0
1.5
0.5
0.0
0.0
0.0
0.0
33.0
0.0
8.5
54.0
100.0
0.0
0.0
0.0
0.0
26.5
0.5
1.0
4.0
1.0
2.0
0.0
0.0
0.0
2.0
2.0
6.0
4.0
0.5
4.0
0.0
0.0
5.5
3.5
0.0
0.0
16.5
0.0
4.5
50.5
0.0
4.5
0.5
7.5
0.0
27.5
4.5
1.0
1.0
1.5
0.0
4.0
0.0
1.5
0.0
4.5
0.5
0.0
0.0
1.0
15.5
0.0
2.5
5.0
0.0
6.5
8.0
2.0
7.0
4.0
0.0
5.5
19.5
19.0
0.0
0.0
4.0
1.0
0.0
0.0
21.0
0.5
0.0
12.0
0.0
11.0
10.5
0.5
1.5
10.5
3.0
0.0
0.0
123.5
0.0
0.0
6.0
16.5
0.5
42.5
2.0
91.5
6.0
0.0
14.5
2.5
292.0
6.0
3.0
4.0
0.0
7.0
94.5
8.5
75.0
13.0
2.5
0.0
4.0
1.0
4.0
10.5
0.0
1.0
1.5
1.5
1.0
2.0
1.5
0.0
0.5
94.0
13.5
C:\Users\micro\Desktop\Gepilatas>python
init.py
File
"C:\Users\micro\Desktop\Gepilatas\init.py",
line
102
approx
=
cv2.approxPolyDP(i,epsilon,True)
IndentationError:
unexpected
indent
C:\Users\micro\Desktop\Gepilatas>python
init.py
C:\Users\micro\Desktop\Gepilatas>
C:\Users\micro\Desktop\Gepilatas>
C:\Users\micro\Desktop\Gepilatas>
C:\Users\micro\Desktop\Gepilatas>python
init.py
C:\Users\micro\Desktop\Gepilatas>python
init.py
C:\Users\micro\Desktop\Gepilatas>
C:\Users\micro\Desktop\Gepilatas>
C:\Users\micro\Desktop\Gepilatas>python
init.py
C:\Users\micro\Desktop\Gepilatas>
C:\Users\micro\Desktop\Gepilatas>
C:\Users\micro\Desktop\Gepilatas>python
init.py
C:\Users\micro\Desktop\Gepilatas>
C:\Users\micro\Desktop\Gepilatas>
C:\Users\micro\Desktop\Gepilatas>
C:\Users\micro\Desktop\Gepilatas>python
init.py
C:\Users\micro\Desktop\Gepilatas>
C:\Users\micro\Desktop\Gepilatas>
C:\Users\micro\Desktop\Gepilatas>
C:\Users\micro\Desktop\Gepilatas>python
init.py
C:\Users\micro\Desktop\Gepilatas>
C:\Users\micro\Desktop\Gepilatas>
C:\Users\micro\Desktop\Gepilatas>python
init.py
C:\Users\micro\Desktop\Gepilatas>
C:\Users\micro\Desktop\Gepilatas>
C:\Users\micro\Desktop\Gepilatas>
C:\Users\micro\Desktop\Gepilatas>
C:\Users\micro\Desktop\Gepilatas>python
init.py
C:\Users\micro\Desktop\Gepilatas>python
init.py
C:\Users\micro\Desktop\Gepilatas>
C:\Users\micro\Desktop\Gepilatas>
C:\Users\micro\Desktop\Gepilatas>python
init.py
C:\Users\micro\Desktop\Gepilatas>
C:\Users\micro\Desktop\Gepilatas>
C:\Users\micro\Desktop\Gepilatas>
C:\Users\micro\Desktop\Gepilatas>python
init.py
C:\Users\micro\Desktop\Gepilatas>
C:\Users\micro\Desktop\Gepilatas>
C:\Users\micro\Desktop\Gepilatas>
C:\Users\micro\Desktop\Gepilatas>python
init.py
C:\Users\micro\Desktop\Gepilatas>
C:\Users\micro\Desktop\Gepilatas>
C:\Users\micro\Desktop\Gepilatas>python
init.py
C:\Users\micro\Desktop\Gepilatas>
C:\Users\micro\Desktop\Gepilatas>
C:\Users\micro\Desktop\Gepilatas>
C:\Users\micro\Desktop\Gepilatas>python
init.py
Traceback
(most
recent
call
last):
File
"C:\Users\micro\Desktop\Gepilatas\init.py",
line
118,
in
<module>
cv2.imshow('Simple
approximation',
image_copy1)
NameError:
name
'image_copy1'
is
not
defined
C:\Users\micro\Desktop\Gepilatas>
C:\Users\micro\Desktop\Gepilatas>
C:\Users\micro\Desktop\Gepilatas>python
init.py
C:\Users\micro\Desktop\Gepilatas>
C:\Users\micro\Desktop\Gepilatas>
C:\Users\micro\Desktop\Gepilatas>python
init.py
C:\Users\micro\Desktop\Gepilatas>
C:\Users\micro\Desktop\Gepilatas>
C:\Users\micro\Desktop\Gepilatas>
C:\Users\micro\Desktop\Gepilatas>python
init.py
C:\Users\micro\Desktop\Gepilatas>
C:\Users\micro\Desktop\Gepilatas>
C:\Users\micro\Desktop\Gepilatas>python
init.py
C:\Users\micro\Desktop\Gepilatas>
C:\Users\micro\Desktop\Gepilatas>
C:\Users\micro\Desktop\Gepilatas>
C:\Users\micro\Desktop\Gepilatas>python
init.py
C:\Users\micro\Desktop\Gepilatas>
C:\Users\micro\Desktop\Gepilatas>
C:\Users\micro\Desktop\Gepilatas>python
init.py
C:\Users\micro\Desktop\Gepilatas>
C:\Users\micro\Desktop\Gepilatas>
C:\Users\micro\Desktop\Gepilatas>
C:\Users\micro\Desktop\Gepilatas>python
init.py
Traceback
(most
recent
call
last):
File
"C:\Users\micro\Desktop\Gepilatas\init.py",
line
125,
in
<module>
contours2
=
refineContours(contours1,
40,
5000000)
#
itt
szurjuk
ki
a
velhetoen
nem
epulet
elemeket
File
"C:\Users\micro\Desktop\Gepilatas\init.py",
line
26,
in
refineContours
print(cv2.contourArea(i))
UnboundLocalError:
local
variable
'i'
referenced
before
assignment
C:\Users\micro\Desktop\Gepilatas>
C:\Users\micro\Desktop\Gepilatas>
C:\Users\micro\Desktop\Gepilatas>python
init.py
0.0
0.0
0.0
0.0
0.0
0.0
0.0
1.0
0.0
0.5
0.0
2.0
0.0
0.0
0.0
5.0
0.0
0.0
0.0
1.5
3.0
0.0
4.5
1.0
0.0
20.0
13.0
0.0
6.5
1.0
0.5
0.0
20.5
2.0
10.5
0.5
0.5
6.0
82.0
4.0
1.5
0.5
13.0
5.5
0.0
0.5
4.0
0.0
9.5
2.0
0.0
0.5
0.5
161.0
7.5
2.0
2.0
2.0
7.0
4.0
1.0
0.0
0.5
2.0
0.0
4.5
1.5
1.0
634.5
5.5
2.0
2.0
11.0
9.0
29.5
2.0
1.0
8.0
0.0
3.0
0.0
23.0
2.0
0.0
7.0
1.5
1.0
21.5
3.5
10.5
0.0
0.0
642.0
2.0
2.0
2.0
2.0
5.5
2.0
2.0
14.0
4.0
24.0
8.0
4.0
28.0
0.0
0.0
0.0
25.0
0.0
0.0
2.5
20.0
2.0
32.0
0.0
0.0
0.5
0.0
2.5
3.5
0.0
1.5
0.0
0.0
0.5
0.0
0.0
1.0
0.0
0.0
0.0
0.0
20.5
2.0
17.5
0.0
0.5
0.0
1.0
1.5
0.0
42.5
0.0
1.0
0.0
0.0
0.0
5.5
0.0
215.0
7.5
0.0
0.5
2.0
623.5
2.0
2.0
16.5
4.0
2.0
4.0
6.0
10.0
0.0
0.0
8.0
7.0
4.5
1.5
0.0
26.5
2.5
2.0
13.0
2.0
0.5
0.0
2.0
9.0
22.5
0.0
0.0
0.0
1.5
1.0
0.0
7.0
2.0
0.0
0.0
1.0
0.0
13.5
0.5
0.0
0.0
1.5
0.0
4.0
0.0
0.0
0.0
0.5
6.5
0.0
2.5
0.0
9.0
1.0
0.0
0.0
4.0
0.0
26.0
0.0
0.0
0.0
1.0
0.0
9.5
11.5
0.0
1.0
7.5
0.0
0.0
5.5
13.5
0.0
6.0
0.0
0.0
3.0
0.0
1319.0
11.5
11.5
49.5
21.5
2.0
2.0
8.5
10.0
30.0
2.0
25.0
25.5
4.0
0.0
0.0
3.0
2.0
2.5
0.0
4.0
1.0
0.0
1.5
0.0
0.0
8.0
0.0
0.0
0.0
1.0
6.0
0.0
8.0
0.0
5.5
1.5
0.0
0.0
257.0
4.0
16.5
2.0
1.0
0.0
2.0
0.5
0.0
2.5
0.0
1.0
0.0
0.0
4.5
0.0
10.5
0.0
0.0
0.0
14.5
4.0
2.0
1.0
1.0
15.0
0.5
0.0
0.0
1.0
0.0
0.0
0.0
479.5
9.0
6.0
2.0
2.0
8.5
0.5
3.5
5.5
4.5
0.5
0.5
2.5
31.5
4.0
16.0
3.5
7.0
2.0
0.5
0.0
818.5
2.0
4.0
2.0
0.0
14.5
0.0
0.0
0.0
7.0
0.0
2.0
0.0
0.0
0.0
69.0
2.5
41.0
0.0
0.0
0.0
0.0
0.0
529.0
2.0
7.0
8.5
2.0
2.0
15.5
4.0
4.0
0.0
2.0
11.5
1.5
0.0
0.0
0.0
13.5
5.0
0.0
0.0
0.0
0.0
0.0
53.0
0.0
0.0
4.5
1.0
2.5
0.5
7.5
1.0
0.0
0.0
3.0
0.0
10.5
94.0
0.5
0.0
0.5
0.0
0.0
0.0
0.0
1.5
1.0
0.0
0.0
3.5
19.0
0.5
0.0
0.0
0.0
0.0
0.5
23.0
10.0
2.5
0.0
0.5
0.0
0.0
7.0
0.5
4.0
0.0
6.5
0.0
9.5
3.5
1.5
2.0
45.5
0.0
2.0
22.5
0.0
8.0
0.5
25.0
5.0
3.5
0.0
0.0
3.0
0.0
1.0
0.0
1.5
3.0
0.5
0.0
0.0
548.0
39.5
27.5
6.0
5.5
2.0
2.0
9.0
4.0
2.0
2.0
2.0
2.0
4.0
11.0
0.0
0.0
0.0
0.0
0.0
7.5
1.0
0.0
0.0
0.0
0.0
0.0
0.0
1.0
0.0
3.5
0.0
264.5
4.0
2.0
31.0
4.0
0.0
45.0
0.0
0.0
2.5
0.0
8.0
0.5
15.5
13.5
0.0
1.5
0.5
3.0
11.5
0.0
0.5
0.0
0.0
11.5
2.0
3.0
1.0
0.0
1854.5
5.5
4.0
8.5
4.0
4.0
7.0
4.0
4.0
4.0
2.0
4.0
13.5
78.0
2.0
2.0
83.5
2.0
4.0
3.5
0.0
6.5
18.0
0.0
727.5
10.5
2.0
4.0
4.0
2.0
4.0
4.0
2.0
0.5
0.0
7.5
7.0
0.0
0.5
1.0
0.0
0.0
14.0
0.0
1.0
0.0
1.5
0.0
9.5
2.0
0.0
0.0
5.0
2.0
1.5
0.0
3.0
3.0
2.0
4.0
0.0
0.0
0.0
0.0
0.0
2.0
0.0
0.0
3.5
0.0
0.0
33.0
0.0
0.0
0.0
0.0
0.0
33.5
0.0
1.0
0.0
135.0
4.0
2.0
0.0
5.5
0.5
0.5
0.0
2.0
5.5
0.0
0.5
3.5
0.0
0.0
11.5
319.5
4.0
2.0
4.0
43.5
0.0
0.0
2.0
1.0
9.5
20.0
2.0
0.0
0.0
0.0
29.0
0.0
26.5
0.0
0.0
0.0
316.0
2.0
5.5
16.5
4.0
43.5
2.0
0.0
1.0
0.5
8.5
0.5
1.5
1.0
0.0
0.0
0.0
0.0
0.0
59.5
2.0
0.0
12.0
0.0
0.0
0.0
0.0
0.0
1.0
4.5
21.0
0.0
0.0
0.0
5.5
0.0
44.5
0.0
0.0
5.0
0.0
173.0
5.5
2.0
0.0
0.0
0.0
0.0
0.0
1145.5
14.0
34.0
20.5
5.5
2.0
30.0
5.5
7.0
2.0
8.5
13.5
2.0
11.5
4.0
11.5
4.0
4.0
22.0
4.0
36.5
6.0
0.0
0.0
0.0
0.0
0.0
37.5
4.0
0.5
28.5
63.5
10.5
4.0
1.0
0.0
4.5
2.5
0.0
0.0
0.0
0.0
0.0
0.5
1.0
3.5
86.5
0.5
252347.0
2.0
4.0
4.0
2.0
2.0
7.0
4.0
2.0
5.5
2.0
2.0
7.0
2.0
8.5
2.0
8.5
4.0
2.0
6.0
2.0
2.0
4.0
2.0
2.0
5.5
2.0
4.0
5.5
8.5
2.0
2.0
2.0
9.5
13.5
2.0
2.0
5.5
15.5
7.0
4.0
45.5
4.0
2.0
20.0
6.0
2.0
2.0
17.5
2.0
2.0
2.0
22.0
4.0
19.5
20.5
4.0
4.0
2.0
6.0
36.0
10.5
2.0
2.0
2.0
32.0
20.0
2.0
5.5
2.0
2.0
4.0
19.5
5.5
2.0
81.5
2.0
2.0
2.0
115.0
2.0
4.0
4.0
4.0
8.5
25.0
5.5
4.0
4.0
36.0
115.5
4.0
5.5
4.0
4.0
11.5
2.0
11.5
5.5
2.0
7.5
2.0
4.0
4.0
5.5
4.0
5.5
14.5
5.5
2.0
2.0
11.5
7.0
2.0
2.0
13.5
4.0
19.0
14.5
16.0
17.5
2.0
12.5
14.5
4.0
23.0
2.0
4.0
2.0
2.0
2.0
7.5
109.5
0.5
27.5
4.0
16.0
2.0
2.0
19.0
14.0
4.0
4.0
2.0
8.5
7.0
2.0
2.0
5.5
2.0
13.0
4.0
4.0
25.5
7.0
2.0
5.5
2.0
6.0
5.5
2.0
2.0
2.0
4.0
8.5
4.0
4.0
6.0
76.0
12.5
61.0
4.0
2.0
463.0
3.0
1.0
2.0
7.5
1386.0
7.0
0.0
0.0
0.5
0.0
4.5
0.0
0.0
5.5
11.5
19.5
213.5
4.0
40.0
18.5
8.5
4.0
18.5
2.0
22.5
4.0
2.0
11.0
8.5
20.5
5.5
2.0
2.0
52.5
2.0
9.0
2.0
27.0
4.0
6.0
2.0
44.5
2.0
19.0
2.0
51.5
18.0
5.5
2.0
35.0
4.0
8.5
4.0
2.0
2.0
7.0
24.5
2.0
5.5
2.0
22.5
4.0
2.0
2.0
2.0
611.0
0.0
3.5
4.0
0.5
0.0
2.0
21.0
2.0
21.5
6.0
2.0
2.0
4.0
2.0
8.5
2.0
5.5
2.0
153.5
0.0
2.0
34.5
2.0
2.0
15.5
29.0
2.0
5.5
19.5
25.5
2.0
8.5
60.5
2.0
2.0
2.0
2.0
1423.0
0.0
0.0
0.0
0.0
4.0
2.0
2.0
7.0
8.5
24.0
14.5
6.0
17.0
7.0
4.0
2850.5
0.5
0.5
0.0
0.0
3.0
7.0
2.0
4.0
13.0
4.0
2.0
2.0
2.0
7.0
2.0
99.0
35.0
12.5
10.5
5.5
52.5
2.0
2.0
15.0
15.0
2.0
2.0
2.0
2.0
2.0
2.0
2.0
17.5
2.0
13.0
7.0
2.0
7.0
10.0
2.0
2.0
8.5
2.0
7.0
2.0
11.5
9.0
4.0
21.5
49.0
4.0
8.5
2.0
2.0
339.5
0.0
0.0
2.0
15.0
4.0
2.0
36.0
4.0
4.0
7.0
14.0
5.5
7.0
21.5
19.0
4.0
2.0
2.0
2.0
4.0
2.0
19.5
4.0
195.0
2.0
2.0
2.0
4.0
29.5
2.0
4.0
2.0
11.5
18.0
2.0
24.0
2.0
2.0
53.5
27.0
2.0
2.0
2.0
2.0
15.5
2.0
2.0
10.0
4.0
18.5
22.5
4.0
8.5
16.0
72.0
15.0
2.0
17.5
8.5
2.0
14.0
4.0
2.0
2.0
8.5
2.0
2.0
4.0
35.5
2.0
4.0
2.0
2.0
2.0
12.0
5.5
4.0
6.0
19.0
18.0
102.0
4.0
18.0
20.0
5.5
2.0
132.5
11.5
2.0
4.0
11.5
4.0
2.0
7.0
8.5
2.0
14.5
9.5
2.0
4.0
6.0
40.5
2.0
343.5
0.0
0.0
1.5
2.0
5.5
4.0
730.5
0.0
0.0
2.0
2.0
15.5
2.0
2.0
2.0
14.5
9.0
4.0
17.5
4.0
2.0
2.0
2.0
4.0
2.0
5.5
2.0
85.5
67.0
2.0
4.0
4.0
30.0
8.5
42.5
23.5
56.5
2.0
4.0
5.5
23.0
17.0
13.0
4.0
113.5
19.0
26.0
2339.0
0.0
0.5
0.0
1.0
0.0
0.0
35.5
2.0
39.5
0.0
0.0
0.0
0.0
6.5
0.5
0.0
2.0
2.0
4.0
16.5
7.0
5.5
2.0
11.5
13.5
5.5
2.0
4.0
2.0
11.0
10.5
4.0
26.5
12.5
2.0
17.5
230.0
0.0
55.0
2.0
29.0
2.0
4.0
4.0
12.0
4.0
4.0
37.5
2.0
14.0
2.0
2.0
2.0
2.0
2.0
2.0
2.0
2.0
2.0
5.5
2.0
92.0
20.0
13.5
5.5
45.5
2.0
2.0
2.0
2.0
2.0
10.0
2.0
2.0
5.5
11.5
4.0
10.5
4.0
8.5
18.0
173.5
9.5
2.0
222.5
0.0
11.5
5.5
4.0
2.0
4.0
4.0
9.5
23.5
1161.5
0.0
2.0
0.0
1.0
5.0
1.0
0.5
1.0
4.0
132.0
25.5
2.0
2.0
2.0
4.0
5.5
2.0
8.5
11.5
2.0
89.5
20.0
2.0
13.5
40.5
5.5
181.0
5.5
2.0
13.0
4.0
2.0
4.0
2.0
5.5
4.0
34.0
2.0
15.5
4.0
12.5
4.0
2.0
2.0
6.0
8.5
3856.5
0.0
0.0
0.5
2.0
0.0
0.0
0.0
0.5
0.0
0.0
1.0
1.0
0.0
0.0
0.0
0.0
7.0
27.5
8.0
4.0
4.0
12.5
18.0
2.0
9.0
2.0
5.5
2.0
35.0
12.5
7.0
2.0
2.0
7.5
2.0
2.0
4.0
2.0
2.0
26.5
5.5
2.0
4.0
17.5
2.0
2.0
317.5
26.0
2.0
4.0
2.0
4.0
4.0
7.0
2.0
34.0
135.0
2.0
7.0
4.0
2.0
22.0
46.5
10.5
6.0
4.0
2.0
2.0
4.0
9.0
251.0
4.0
2.0
2.0
5.5
2.0
2.0
2.0
29.5
8.5
132.5
4.0
2.0
14.0
10.0
9.0
2.0
2.0
2.0
58.5
0.0
4.0
18.0
44.0
48.5
2.0
2.0
21.0
47.0
2.0
9.0
2.0
4.0
26.5
10.0
2.0
2.0
18.0
2.0
5.5
2.0
2.0
8.5
2.0
2.0
12.5
2.0
4.0
36.0
36.5
6.0
18.0
117.5
10.0
14.0
62.0
4.0
6.0
5.5
11.5
13.5
2.0
2.0
2.0
2.0
2.0
27.5
2.0
547.5
0.0
0.0
0.0
0.0
10.5
4.0
7.5
67.5
7.5
5.5
2.0
7.5
18.0
2.0
10.0
2.0
45.0
53.5
6.0
148.0
0.0
4.0
10.5
2.0
4.0
15.0
2.0
19.0
8.0
612.0
1.0
0.0
0.5
14.0
9.0
7.5
4.0
4.0
6.0
4.0
6.0
2.0
2.0
2.0
5.5
4.0
68.5
47.0
5.5
20.5
2.0
24.0
2.0
6713.0
0.0
0.0
0.0
0.0
0.0
12.0
1.5
0.5
0.5
0.0
2.5
0.0
0.0
0.0
5.0
0.0
0.0
0.5
6.5
0.0
7.5
6.5
1.5
5.0
0.5
0.0
0.0
0.0
0.0
1.0
1.0
0.5
0.0
0.0
0.0
0.0
0.5
0.0
0.5
0.0
0.5
0.0
0.0
0.0
2.0
2.0
7.0
8.5
2.0
6.0
4.0
123.0
2.0
5.5
13.0
46.0
4.0
7.5
20.5
52.0
192.0
4.0
63.0
114.5
1.5
2.0
2.0
164.5
0.0
7.0
44.5
18.0
17.0
4.0
2.0
2.0
11.5
15.0
10.0
8.5
2.0
2.0
2.0
4.0
2.0
5.5
4.0
548.5
0.0
2.0
4.0
33.5
4.0
2.0
7.0
113.5
2.0
4.0
2.0
4.0
24.5
4.0
2.0
7.0
5.5
9.0
249.5
2.0
21.0
2.0
21.5
4.0
6.0
2.0
2.0
298.5
0.0
0.0
0.0
27.0
2.0
10.5
10.5
4.0
2.0
83.0
2.0
5.5
23.0
2.0
21.0
23.0
27.0
328.0
0.0
4.5
4.0
2.0
48.5
2.0
7.5
27.5
4.0
2.0
2.0
2.0
5.5
2.0
4.0
2.0
23.0
25.0
5.5
2.0
2.0
86.0
7.0
597.5
0.0
9.0
2.0
2.0
0.0
0.0
0.0
4.0
85.0
14.0
17.5
2.0
2.0
101.5
2.0
2.0
9.0
9.5
4.0
2.0
6.0
94.5
2.0
11.5
7.0
2.0
17.5
8.5
4.0
10.5
2.0
30.0
15.0
2.0
2.0
4.0
51.0
5.5
120.5
4087.5
0.0
0.0
116.5
64.5
7.5
0.0
4.0
1.5
5.0
0.0
0.0
0.0
1.0
0.0
8.5
0.0
0.0
63.0
8.0
2.0
2.0
2.0
2.0
26.5
2.0
4.0
145.0
360.0
7.0
8.5
2.0
4.0
2.0
10.0
2.0
34.5
2.0
5.5
11.5
2.0
5.5
2.0
4.0
5.5
10.0
2.0
2.0
4.0
4.0
86.5
2.0
7.0
7.0
7.5
28.0
70.5
4.0
5.5
26.0
20.5
6.0
116.5
0.0
250.5
14.5
2.0
4.0
4.0
16.5
4.0
265.5
8.0
4.0
7.0
29.5
4.0
2.0
4.0
2.0
2.0
14.5
4429.0
0.0
0.0
0.0
0.0
0.0
0.0
17.5
0.0
0.0
0.5
0.0
0.0
0.5
0.0
0.0
0.0
0.0
2.0
12.5
0.0
1.0
0.5
0.5
1.5
0.0
2.0
1.0
0.0
0.5
0.0
0.0
0.0
0.5
2.0
4.0
4.0
30.0
2.0
2.0
4.0
31.5
4.0
14.0
6.0
25.5
7.0
4.0
4.0
4.0
37.5
2.0
2.0
10.0
6.0
10.0
4.0
2.0
32.5
41.0
11.0
4.0
221.5
4.0
4.0
4.0
11.5
2.0
15.5
4.0
2.0
11.0
79.0
2.0
100.5
2.0
4.0
2.0
2.0
2.0
2.0
2.0
9.0
2.0
4.0
13.0
4.0
62.5
11.0
2.0
2.0
2.0
2.0
46.5
1146.0
0.5
0.0
30.0
2.0
4.0
12.5
113.0
4.0
2.0
6.0
4.0
5.5
2.0
2.0
4.0
2.0
17.0
10.0
4.0
2.0
643.5
0.0
88.0
83.5
0.0
2.0
7.0
4.0
4.0
13.0
2.0
2.0
51.5
2.0
8.5
2.0
2.0
2.0
4.0
5.5
7.0
2.0
2.0
4.0
2.0
2.0
22.5
5.5
4.0
2.0
6.0
4.0
4.0
4.0
46.5
10.0
2.0
88.0
14.5
2.0
2.0
968.5
0.0
0.0
51.0
2.0
121.0
525.0
0.5
46.0
0.0
2.0
5.5
2.0
2.0
2.0
2.0
13.0
6.0
2.0
5.5
11.5
314.0
2.0
0.0
5.5
2.0
2.0
48.0
2.0
2.0
12.5
2.0
10.0
2.0
7.0
4.0
153.5
0.0
2.0
9.0
4.0
86.0
4.0
77.0
228.0
2.0
1738.5
0.0
0.0
0.0
0.0
0.0
5.5
0.0
0.0
21.5
2.0
2.0
15.0
2.0
2.0
2.0
4.0
4.0
4.0
2.0
2.0
7.0
2.0
4.0
2.0
2.0
417.0
0.0
0.5
0.0
0.0
2.0
92.5
0.0
5.5
6.0
4.0
237.5
2.0
4.0
2.0
4.0
2.0
2.0
41.5
2.0
2.0
5.5
4.0
134.0
4.0
2.0
8.5
2.0
4.0
2.0
4.0
2.0
2.0
2.0
2.0
2.0
2.0
66.5
30.5
69.0
4.0
82.0
4.0
40.5
7.0
7.0
52.5
28.0
2.0
2.0
12.5
4.0
2.0
2.0
8.5
2.0
2.0
2.0
2.0
2.0
2.0
2.0
102.5
0.0
2.0
4.0
2.0
2.0
4.0
304.0
0.0
0.0
0.0
0.0
0.0
7.0
2.0
2.0
37.0
4.0
7.0
133.0
0.0
13.5
4.0
2.0
2.0
2.0
59.5
26.5
2.0
2.0
19.5
14.0
121.0
0.0
2.0
2.0
2.0
5.5
2.0
5.5
4.0
4.0
2.0
13.5
2.0
29.5
289.0
0.0
0.0
716.5
51.0
4.0
2.0
6.0
4.0
2.0
5.5
135.0
2.0
10.0
2.0
2.0
17.0
6.0
14.5
2.0
10.0
2.0
2.0
17.0
2.0
2.0
5.5
20.5
5.5
2.0
10.5
8.5
4.0
191.0
2.0
4.0
4.0
2.0
4.0
10.0
2.0
2.0
2.0
8.5
2.0
2.0
7.0
2.0
2.0
7.0
7.0
2.0
90.5
7.0
4.0
2.0
2012.0
0.5
5.5
0.0
0.0
0.0
0.0
0.0
1.5
0.0
0.5
0.0
0.0
0.5
0.0
0.5
2.0
8.5
19.0
32.0
2.0
15.0
2.0
7.0
2.0
247.0
2.0
2.0
13.0
2.0
2.0
10.0
56.0
465.5
0.0
0.0
0.0
92.5
350.5
2.0
2.0
2.0
334.5
2.0
2.0
2.0
14.0
2.0
2.0
716.0
0.0
8.5
2.0
6.0
7.0
7.0
2.0
2.0
4.0
4.0
2.0
2.0
2.0
2.0
5.5
7.0
4.0
6.0
2.0
12.5
2.0
2.0
4.0
7.5
2.0
2.0
7.5
2.0
14.5
9.0
4.0
2.0
8.5
15.0
14.0
2.0
5.5
2.0
9.0
2.0
2.0
4.0
2.0
27.0
4.0
8.5
7.0
2.0
2.0
4.0
2.0
2.0
4.0
7.0
2.0
6.0
47.0
9.5
5.5
15.0
2.0
5.5
2.0
11.5
2.0
11.0
2.0
4.0
6.0
24.0
8.0
7.0
4.0
4.0
12.0
566.0
0.0
0.0
0.0
0.0
0.0
4.0
2.0
2.0
4.0
2.0
4.0
2.0
2.0
2.0
6.0
2.0
19.5
4.0
19.0
2.0
288.5
0.0
1.0
0.0
0.0
6.0
2.0
2.0
2.0
499.0
6.0
1.0
5.5
11.0
7.0
2.0
293.5
0.0
0.0
38.5
354.0
0.0
4.0
8.5
5.5
2.0
7.5
27.0
2.0
11.5
5.5
65.0
2.0
4.0
957.5
0.0
0.0
0.5
2.0
23.5
2.0
9.5
4.0
1004.5
0.5
4.0
0.0
2.0
10.0
8.5
2.0
2.0
2.0
20.5
13.0
2.0
2.0
5.5
2.0
4.0
2.0
33.0
189.5
0.0
0.0
0.0
11.5
224.0
4.0
2.0
8.5
14.0
4.0
2.0
5.5
2.0
5.5
161.0
0.0
0.0
10.0
2.0
2.0
4.0
12.5
2.0
4.0
7.0
20.5
6.0
4.0
2.0
14.0
5.5
158.5
0.0
0.5
0.0
5.5
362.0
0.0
2.0
13.0
2.0
2.0
2.0
2.0
2.0
2.0
10.0
2.0
3063.0
0.0
0.0
10.5
2.0
0.0
7.0
0.0
0.0
0.5
110.0
0.0
21.0
7.0
2.0
12.0
90.5
0.0
283.5
0.0
0.0
0.0
0.0
4.0
2.0
74.5
4.0
4.0
2.0
2.0
7.0
15.0
7.5
20.5
2.0
2.0
2.0
2.0
2.0
27.0
5.5
2.0
2.0
7.0
2.0
368.0
0.5
74.5
4.0
2.0
1113.0
3.5
0.0
0.0
0.0
0.0
0.0
3.5
1.0
13.0
0.0
0.5
0.0
0.0
0.0
2.0
2.0
4.0
2.0
20.5
36.0
5.5
16.5
2.0
6.0
28.0
4.0
997.5
0.0
0.0
18.0
4.0
11.5
6.0
2.0
11.5
4.0
1004.0
0.0
10.0
150.5
2.0
2.0
2.0
5.5
2.0
2.0
46.5
4.0
2.0
2.0
2.0
28.5
2.0
4.0
2.0
89.0
121.0
2.0
2.0
6.0
10.0
4.0
89.0
5.5
2.0
6.0
507.0
0.0
0.0
4.0
4.0
2.0
2.0
26.0
4.0
4.0
85.5
5.5
116.5
2.0
4.0
2.0
2.0
224.0
0.0
0.5
1.5
7.0
4.0
4.0
2.0
197.5
0.0
0.0
2.0
2.0
2.0
359.5
0.0
0.0
0.0
0.0
4.0
4.0
47.0
2.0
4.0
5.5
345.0
0.0
1.0
0.0
0.0
0.5
7.0
30.5
2.0
11.5
58.0
0.0
4.0
10.0
37.0
13.5
2.0
9.5
45.0
2.0
4.0
13.0
2.0
2.0
10.0
473.0
0.0
0.0
0.0
0.0
0.5
0.0
13.0
58.5
2.0
2.0
2.0
22.5
12.5
2.0
5.5
9.0
10.0
13.0
2.0
25.0
2.0
4.0
8.5
2.0
2.0
2.0
7.5
2.0
65.5
0.0
2.0
5.5
29.5
29.0
8.5
4.0
8.5
34.5
2.0
2.0
26.5
237.0
2.5
8.5
485.0
0.0
0.0
2.0
13.5
4.0
15.5
2.0
7.5
2.0
5.5
2.0
2.0
2.0
22.0
321.0
2.0
7.5
47.0
2.0
2.0
2.0
2.0
2.0
2.0
22.5
2.0
4.0
2.0
2.0
2.0
8.5
6.0
2.0
2.0
2.0
2.0
4.0
2.0
16.0
4.0
2.0
2.0
11.5
2.0
5.5
2.0
2.0
2.0
2.0
2.0
4.0
4.0
2.0
4.0
556.0
0.0
0.0
0.0
0.0
0.0
0.0
2.0
6.0
51.0
2.0
4.0
8.5
7.0
31.5
16.0
4.0
674.0
0.0
2.0
8.5
4.0
4.0
4.0
2.0
41.0
2.0
7.0
4.0
2.0
7.0
23.5
2.0
9.5
2.0
4.0
4.0
2.0
2.0
332.0
0.0
0.0
5.5
2.0
4.0
8.5
9.5
4.0
4.0
2.0
7.0
23.5
2.0
4.0
10.0
11.5
2.0
4.0
2.0
85.0
11.5
4.0
7.0
12.5
13.0
2.0
5.5
7.0
2.0
7.0
4.0
2.0
2.0
5.5
4.0
9.0
11.5
4.0
4.0
4.0
2.0
11.0
2.0
6.0
10.0
11.5
41.0
1285.5
0.0
2.0
0.0
0.0
2.0
2.0
7.0
8.5
2.0
18.0
13.0
10.0
2.0
8.5
2.0
7.0
11.5
11.5
10.0
2.0
2.0
3803.0
0.0
0.0
0.5
0.5
0.0
0.0
0.5
0.0
0.5
0.0
64.0
4.0
5.5
2.0
9.5
0.0
0.0
0.0
0.0
2.5
0.0
0.0
12.5
4.0
2.0
2.0
8.5
23.0
2.0
7.0
13.0
5.5
6.0
26.5
422.0
9.0
4.0
24.5
2.0
2.0
2.0
38.5
99.0
2.0
8.0